0,1,4.999910797019206
1,2,9.999996076811371
2,3,14.999862984221503
3,3,14.963732225411565
4,4,19.398704574286047
5,4,19.970485209014818
6,3,14.999985384983228
7,6,29.884536986322587
8,1,4.999999999999355
9,1,5.209347012337117
10,5,24.999992337522194
11,5,24.99999974601574
12,3,15.644244436198171
13,4,14.999999002410943
14,5,24.312805223424064
15,2,9.994381954641279
16,2,9.999976054757177
17,1,2.9520000000000004
18,2,9.999999730468172
19,3,14.999997978471836
0,1,4.999970769967254
1,4,19.99009647957373
2,0,4.91493239105762
